10111110000011000110010100
10111110000001000110110100
10101110001001000110110100
10101110001001000010111100
10101010001011000010111100
10111110000001000110010100
10111010000001000110110100
10101110001001000110010100
10101110001001000010011100
10101110000011000010110100
10101110000011000010011100
10101110000001000110110100
10101110000001000010111100
10101010001011000010110100
10101010001001000010111100
10101010000011000110110100
10101010000011000010111100
10101010000001000110111100
00101110001001000010111100
01010000000000000000000100
00101000000001000000000000
00100000000001000000010000
00100000000001000000000010
00011000000001000000000000
00010000000001000000000100
00001000000001000100000000
00001000000001000000010000
00001000000000000000010100
00000110000001000000000000
00000110000000000010000000
00000110000000000000010000
00000110000000000000001000
00000000000001001000000100
00000000000001000000110000
00000000000001000000010100
00000000000000000010010100
10001000000001000000010000
01010000000001000000000100
00101000000001000000010000
00101000000001000000000010
00101000000000000000010100
00100000000001000100010000
00100000000001000010010000
00100000000001000000110000
00100000000001000000011000
00011000000001000100000000
00010000000001001000000100
00010000000001000100000100
00001000000001001100000000
00001000000001000100010000
00001000000001000011000000
00001000000001000010100000
00001000000001000010010000
00001000000001000001010000
00001000000001000000010100
00001000000001000000010010
00001000000000000010010100
00000000000001001100000100
00000000000001001000000101
00000000000001000010110000
00000000000001000010010100
10111000000001000000000000
10101010000001000000000000
10101000000001000000010000
10100000000001000000011000
10001010000000000000010100
10001000000001000100010000
10001000000001000010010000
10001000000001000010000010
01011000000001000000000100
01010000000001001000000100
01010000000001000100000100
00111000000001000000000010
00101010000000000000010100
00101000000001000110000000
00101000000001000100010000
00101000000001000010010000
00101000000001000001000010
00101000000001000000110000
00101000000001000000010100
00101000000001000000010010
00101000000000000000110100
00100000000001000110010000
00100000000001000100011000
00100000000001000010110000
00100000000001000010011000
00100000000001000000111000
00011000000001001000000100
00011000000001000100000100
00010000000001001100000100
00001000000001001100000100
00001000000001000110010000
00001000000001000100010100
00001000000001000100010010
00001000000001000011010000
00001000000001000010110000
00001000000001000010100100
00001000000001000010010100
00001000000001000010010010
00001000000001000001100010
00001000000001000001010100
00001000000001000001010010
00001000000001000000110010
00000000000001001100000101
10111000000001000100000000
10101100000001000000010000
10101010000011000000000000
10101010000001000000010000
10101010000000000000010100
10101000000001000010010000
10101000000001000000110000
10101000000001000000010100
10101000000001000000000110
10001010000010000000010100
10001000000001000100010100
10001000000001000010110000
10001000000001000010010100
10001000000001000010010010
10000000000001000110010100
10000000000001000010010110
01011000000001000100000100
01010000000001001100000100
00111000000001000100000010
00101100000001000010010000
00101100000000000000110100
00101010000000000000110100
00101000000001000110010000
00101000000001000110000010
00101000000001000101000010
00101000000001000100110000
00101000000001000100010100
00101000000001000100010010
00101000000001000010110000
00101000000001000010010100
00101000000001000010010010
00101000000001000000110100
00100000000001000110011000
00100000000001000010111000
00011000000001001100000100
00010000000001001100000101
00001000000011000010010100
00001000000001001100000101
00001000000001000111000100
00001000000001000111000010
00001000000001000110110000
00001000000001000110010100
00001000000001000101010100
00001000000001000101010010
00001000000001000011100010
00001000000001000011010100
00001000000001000010110100
00001000000001000010110010
00001000000001000010010110
00001000000001000001110010
00001000000001000001100110
00001000000001000001010110
00001000000001000000110110
00000000000001000010111100
11011000000001000100000100
10111000000001000100000100
10101110000001000000010000
10101100000001000010010000
10101010000010000000010100
10101010000001000000010100
10101010000000000000110100
10101000000001000100010100
10101000000001000100000110
10101000000001000010110000
10101000000001000010010100
10101000000001000000110100
10001010000001000000110100
10001000000011000000110100
10001000000001000110010100
10001000000001000110010010
10001000000001000010110100
10001000000001000010010110
01111000000001000100000100
01011000000001001100000100
01011000000001001000000101
01011000000001000100000101
00111000000001000100000110
00101110000000000000110100
00101100000001000010110000
00101010001000000000110100
00101010000001000000110100
00101000000001000110110000
00101000000001000110010100
00101000000001000110010010
00101000000001000010110100
00101000000001000010010110
00011000000001001100000101
00001010000001000010110100
00001000001001000010110100
00001000000011000110010100
00001000000011000010110100
00001000000001000110110100
00001000000001000110110010
00001000000001000110100110
00001000000001000100110110
00001000000001000011110100
00001000000001000011110010
00001000000001000011010110
00001000000001000010111100
00001000000001000010110110
00001000000001000010011110
00001000000001000001110110
11111000000001000100000001
11011000000001001100000100
11011000000001000100010100
10111000000001000100000110
10101110000010000000010100
10101110000001000000010100
10101110000000000000110100
10101100000001000010110000
10101100000001000010010100
10101010000011000000010100
10101010000010000000110100
10101010000001000100010100
10101010000001000010010100
10101010000001000000110100
10101000000001000110110000
10101000000001000110010100
10101000000001000100110100
10101000000001000010110100
10101000000001000010010110
10001010000001000010110100
10001000000011000010110100
10001000000001000110110100
10001000000001000110010110
01111000000001001100000100
01011000000001001100000101
00101010000001000010110100
00101000000001000110110100
00101000000001000110010110
00101000000001000010111100
00001010000001000010111100
00001000000011000110110100
00001000000001000111100110
00001000000001000111010110
00001000000001000110110110
00001000000001000101110110
00001000000001000011110110
00001000000001000010111110
11111000000001001100000001
11111000000001000100010001
10111010000001000100000110
10101110001000000000110100
10101110000011000000010100
10101110000010000000110100
10101110000001000010010100
10101110000001000000110100
10101110000001000000011100
10101100000001000010110100
10101010000011000000110100
10101010000001000110010100
10101010000001000100110100
10101010000001000010110100
10101010000001000010011100
10101000000001000110110100
00101100000001000010111100
00101010000001000110110100
00101010000001000010111100
00001000000001000111110110
11111000000001000100010101
10111110000001000100010100
10101110000011000000110100
10101110000001000110010100
10101110000001000010110100
10101110000001000010011100
10101110000001000000111100
10101100000001000010111100
10101010001001000010110100
10101010000011000010110100
10101010000001000110010110
10101010000001000010111100
10101000000001000110111100
10101000000001000110110110
00101110000001000010111100
00101010001001000010111100
