00001000000001000010110000 5.2776276508e-05 9.3500641867e-05 1.7533314049e-06
00001000000001001100000100 1.0192091759e-04 9.4673576483e-05 1.7533089876e-06
00001000000001000001010010 6.4390419289e-05 1.0021086563e-04 1.7533307239e-06
00100000000001000000111000 5.3211250610e-05 7.4442328930e-05 1.7533364008e-06
10101110001001000110010100 3.6925501232e-05 3.4650597337e-05 1.7533435926e-06
00011000000001000100000100 7.6078270330e-05 7.6936232565e-05 1.7533196230e-06
00101110000001000010111100 3.0975231717e-05 3.5522380230e-05 1.7533438889e-06
00001000000001000100110110 4.7178292871e-05 7.4572214537e-05 1.7533366110e-06
10101000000001000010010000 4.3866652329e-05 3.8369151059e-05 1.7533401400e-06
10001000000001000000010000 4.6840894619e-05 5.4083670022e-05 1.7533378606e-06
00101100000000000000110100 2.6092481004e-05 2.8932462701e-05 1.7533497709e-06
01111000000001000100000100 8.1453138568e-05 7.5564354098e-05 1.7533294886e-06
00111000000001000100000010 9.2469831945e-05 4.5420437296e-05 1.7533356330e-06
00001000000001000011010100 4.1535712253e-05 1.1184629237e-04 1.7533321165e-06
00101000000001000101000010 9.0426527720e-05 4.5064829081e-05 1.7533365800e-06
01010000000001000000000100 8.9105781512e-05 1.5658245427e-04 1.7532991958e-06
00001000000001000110110110 4.4000039506e-05 7.6031064961e-05 1.7533363293e-06
10101100000001000010110100 3.2140115455e-05 3.2451515166e-05 1.7533440510e-06
00100000000001000000000010 1.3619336163e-04 6.8233319864e-05 1.7533299785e-06
00001000000001000111100110 4.9221406968e-05 7.1153009236e-05 1.7533371317e-06
00101000000001000110000000 5.7291039215e-05 4.7885840558e-05 1.7533374589e-06
00001000000001000010011110 4.1013777363e-05 8.0090828957e-05 1.7533384369e-06
00010000000001001000000100 1.2059895511e-04 1.6658519961e-04 1.7532629083e-06
00001000000001000010100100 4.8824577043e-05 1.0501685532e-04 1.7533327883e-06
10101000000001000110111100 3.4080849779e-05 4.3440964139e-05 1.7533415511e-06
00001000000001000110100110 4.9856404461e-05 7.7018822544e-05 1.7533363032e-06
00001000000000000010010100 3.5242927781e-05 1.2757227195e-04 1.7533395156e-06
10101110001001000110110100 3.3057556041e-05 3.4663098862e-05 1.7533437928e-06
00101000000000000000010100 2.7969543885e-05 2.7698540869e-05 1.7533471918e-06
00001000000001000010110100 4.0254329390e-05 9.8136753210e-05 1.7533328894e-06
00001000000001000011000000 6.3988495974e-05 1.1147323726e-04 1.7533296886e-06
00001000000001000110010000 5.0450582814e-05 9.3666631859e-05 1.7533330862e-06
10001000000001000110010100 3.9083804896e-05 5.4832489442e-05 1.7533388105e-06
00001000000001000111000100 5.4614970658e-05 9.0823479463e-05 1.7533340276e-06
00101000000001000010010110 4.1072999254e-05 5.1811920130e-05 1.7533388795e-06
10111000000001000100000000 9.1661037682e-05 4.6395462867e-05 1.7533353223e-06
00001000000011000010010100 3.7542562895e-05 7.4029904031e-05 1.7533389506e-06
10001000000001000010110100 3.5230847231e-05 5.2839569266e-05 1.7533396192e-06
10101010000001000010111100 3.1826192315e-05 3.7607305024e-05 1.7533426651e-06
00011000000001000100000000 1.3437163056e-04 1.2689776160e-04 1.7532586926e-06
10111000000001000100000100 7.4922324365e-05 4.5780578087e-05 1.7533367427e-06
10111000000001000100000110 7.2195412068e-05 4.3431456737e-05 1.7533376224e-06
00001000000001000011010110 4.3990975341e-05 9.7325418592e-05 1.7533335336e-06
00001000000001000110110000 4.9887662926e-05 7.9014663842e-05 1.7533349648e-06
10101010000010000000110100 2.8746036912e-05 3.5697917116e-05 1.7533464105e-06
00100000000001000000110000 5.6802312913e-05 5.0351180017e-05 1.7533372168e-06
10101110000011000000010100 3.6175230202e-05 3.2353369690e-05 1.7533437491e-06
00101100000001000010010000 4.3443020990e-05 3.3922292970e-05 1.7533429337e-06
00101000000001000100110000 4.4645208724e-05 4.4884072134e-05 1.7533391083e-06
00010000000001000100000100 1.1295593485e-04 1.4096776016e-04 1.7532807607e-06
00011000000001000000000000 2.3951238281e-04 2.0937124056e-04 1.7531438097e-06
10101010000011000110110100 3.3260283384e-05 3.8909582040e-05 1.7533420945e-06
10101110000010000000110100 2.7846066686e-05 3.2002329124e-05 1.7533476459e-06
10101000000001000010010110 4.0612216998e-05 4.3929129517e-05 1.7533401867e-06
10001000000001000010000010 6.4506560113e-05 6.1645883407e-05 1.7533367069e-06
00001000000001000100000000 1.3308243565e-04 1.3503990821e-04 1.7532524622e-06
01011000000001000000000100 8.4409705945e-05 1.3583754694e-04 1.7533101742e-06
10101110000011000010110100 3.1263875068e-05 3.2547048154e-05 1.7533443868e-06
00101000000001000000000000 1.1190626110e-04 5.5055835348e-05 1.7533313202e-06
00001000000001000110010100 4.1237213299e-05 9.6444340117e-05 1.7533338435e-06
10100000000001000000011000 5.7300765428e-05 7.0219928494e-05 1.7533368186e-06
10101000000001000110110110 4.0069575505e-05 4.3715318318e-05 1.7533403438e-06
00101010000001000010111100 3.1953534579e-05 4.0662264196e-05 1.7533424244e-06
10000000000001000110010100 4.0411251523e-05 6.5818238273e-05 1.7533387770e-06
00011000000001001100000101 8.7884628361e-05 1.0812055997e-04 1.7533132929e-06
10101010000011000010111100 3.1778464086e-05 3.8001430333e-05 1.7533429195e-06
01010000000001001000000100 1.0279358450e-04 1.5530001593e-04 1.7533029838e-06
00101000000001000010010010 5.3465665384e-05 5.2301992652e-05 1.7533375143e-06
10101110000001000000111100 3.3087648931e-05 3.4653809889e-05 1.7533436951e-06
00000000000001001000000100 1.7853502427e-04 1.9845659988e-04 1.7532037188e-06
10101000000001000100010100 4.1736919901e-05 4.2003455149e-05 1.7533397206e-06
10001010000001000000110100 3.2957846641e-05 4.2796495112e-05 1.7533416510e-06
10101110000001000010110100 3.1330837925e-05 3.1231778134e-05 1.7533443091e-06
10101000000001000000010000 4.6377905202e-05 3.8412831228e-05 1.7533395096e-06
10101000000001000010110000 4.0092191643e-05 3.7756575945e-05 1.7533408096e-06
01011000000001000100000101 9.7692587177e-05 1.3365232241e-04 1.7533088240e-06
10101010000001000010011100 3.4547830411e-05 3.7538707837e-05 1.7533423339e-06
10101010001001000010111100 3.1651883616e-05 3.6671699959e-05 1.7533432359e-06
10001000000001000010010100 3.7558952686e-05 5.5345763798e-05 1.7533390404e-06
00001000001001000010110100 3.6013187748e-05 6.7043628259e-05 1.7533395993e-06
10001000000001000010110000 4.2636773745e-05 5.0814701200e-05 1.7533386559e-06
10101010000001000010110100 3.2007938103e-05 3.5068087964e-05 1.7533426053e-06
00000000000001000000010100 4.1387510042e-05 1.8074234469e-04 1.7533285351e-06
00001000000001000001010110 5.1748676458e-05 1.0234582590e-04 1.7533328403e-06
00000000000001001100000101 1.9248796088e-04 1.7595066702e-04 1.7532243373e-06
10101000000001000000110000 4.0750495129e-05 3.8004815286e-05 1.7533406649e-06
10101110000001000010111100 3.1063303032e-05 3.3981931888e-05 1.7533438530e-06
10101110000001000110110100 3.3021622407e-05 3.4684400728e-05 1.7533433960e-06
10001000000011000000110100 3.4005614612e-05 5.0500464242e-05 1.7533413214e-06
00101000000001000110010110 4.4681500050e-05 5.0677373208e-05 1.7533387295e-06
10001010000000000000010100 3.0807418143e-05 4.0457367252e-05 1.7533454173e-06
10001000000001000010010110 4.1681966989e-05 5.8075687417e-05 1.7533384181e-06
00100000000001000000010000 6.5840754053e-05 5.4019273422e-05 1.7533363001e-06
10101110000001000000010000 4.5647023324e-05 3.3727478401e-05 1.7533428820e-06
10101010000011000000000000 1.1114069804e-04 4.6433090422e-05 1.7533353149e-06
10101010000001000100010100 4.1575661306e-05 3.9207738613e-05 1.7533404786e-06
00100000000001000010010000 6.4750101313e-05 5.6537725046e-05 1.7533358170e-06
00000110000000000010000000 3.7720280333e-04 3.7651224131e-04 1.7567636179e-06
00101000000001000010110100 3.4184207841e-05 4.5224771913e-05 1.7533402490e-06
00101000000001000110110100 3.6015193081e-05 4.7916912778e-05 1.7533399191e-06
10001010000010000000010100 3.0847822952e-05 4.1310651777e-05 1.7533453708e-06
10001000000001000010010010 5.3182491161e-05 5.9563847688e-05 1.7533371404e-06
00001000000001000001110010 5.9284443332e-05 7.9548188508e-05 1.7533346650e-06
10101010000010000000010100 3.0196531615e-05 3.5212577832e-05 1.7533454769e-06
00101010000001000000110100 3.2490615356e-05 3.9628353305e-05 1.7533419783e-06
10101100000001000010110000 3.8564380668e-05 3.3443900057e-05 1.7533433003e-06
10101010000001000100110100 3.5235008181e-05 3.9211938560e-05 1.7533414729e-06
00100000000001000110011000 5.3171840874e-05 7.3179244579e-05 1.7533370929e-06
00010000000001001100000100 1.1459969588e-04 1.3728243165e-04 1.7532817788e-06
10101100000001000010010000 4.3057203139e-05 3.3727000386e-05 1.7533430040e-06
00001000000001000011110110 4.1441423637e-05 7.9448685415e-05 1.7533360440e-06
00101000000001000000000010 9.4511585877e-05 4.6958391018e-05 1.7533342271e-06
00101010001000000000110100 2.7323804977e-05 3.8113730431e-05 1.7533472392e-06
10111110000001000110010100 3.7516155663e-05 3.4004708294e-05 1.7533434812e-06
10101010000001000000000000 1.1219060151e-04 4.6184747372e-05 1.7533349606e-06
00001000000001000000010000 5.0716081785e-05 1.2249573874e-04 1.7533277917e-06
10111000000001000000000000 1.0331281697e-04 4.5530200194e-05 1.7533355835e-06
00001000000011000110010100 3.8975437558e-05 7.0058183167e-05 1.7533389986e-06
00001000000011000110110100 3.7345011973e-05 6.6499791702e-05 1.7533394156e-06
10101010000011000000010100 3.6244866194e-05 3.6101692008e-05 1.7533418984e-06
01010000000000000000000100 1.1266037373e-04 1.7014674411e-04 1.7532911479e-06
10101010000001000010010100 3.5317026529e-05 3.5223931345e-05 1.7533421000e-06
10101110000011000010011100 3.3947210215e-05 3.4611335476e-05 1.7533436914e-06
00000110000000000000010000 1.3105988067e-03 1.0115241286e-03 1.7561920030e-06
10111110000011000110010100 3.7143025784e-05 3.4678320251e-05 1.7533435170e-06
10101010000001000000010000 4.5843895050e-05 3.7418286792e-05 1.7533405667e-06
00001010000001000010111100 3.3842332265e-05 5.1805937677e-05 1.7533413434e-06
10111010000001000110110100 3.4290677199e-05 3.7567422177e-05 1.7533424299e-06
10101000000001000000110100 3.3400589831e-05 3.8916581889e-05 1.7533415756e-06
10001000000011000010110100 3.4104405477e-05 5.0206884082e-05 1.7533412413e-06
00001000000001000010010110 4.3228327194e-05 1.0636841614e-04 1.7533324530e-06
10101100000001000010111100 3.1637063336e-05 3.6428636561e-05 1.7533436820e-06
00001000000001000000110110 4.3441273446e-05 8.5968328440e-05 1.7533348450e-06
10101000000001000010110100 3.3290819827e-05 3.8300914031e-05 1.7533416868e-06
10001000000001000010010000 4.5377638329e-05 5.3680724409e-05 1.7533379363e-06
10101010000001000000010100 3.6556169361e-05 3.5201391576e-05 1.7533415289e-06
10101110000001000110010100 3.6840783758e-05 3.4725016216e-05 1.7533430654e-06
00001000000001000101110110 4.7455060987e-05 6.9675794039e-05 1.7533373727e-06
10111010000001000100000110 7.2371364040e-05 4.1822404091e-05 1.7533383599e-06
10101110000001000010011100 3.3984620148e-05 3.3839424939e-05 1.7533436069e-06
10101000000001000110110000 4.0929853399e-05 4.1248748163e-05 1.7533402827e-06
10101100000001000000010000 4.5965215417e-05 3.3531835379e-05 1.7533428224e-06
10101000000001000000000110 7.1541737063e-05 4.6381126476e-05 1.7533377634e-06
00001000000001001100000000 1.4732975134e-04 1.4104585546e-04 1.7532347596e-06
00001000000001000001010000 5.7747232377e-05 1.1377559506e-04 1.7533288068e-06
00101100000001000010111100 3.1413401602e-05 3.8530620738e-05 1.7533436512e-06
00001000000001000111000010 6.9833507113e-05 8.5842781009e-05 1.7533338417e-06
00000000000001000010111100 3.9723987262e-05 9.1033211413e-05 1.7533383315e-06
00001000000001000101010100 5.0500069836e-05 9.2306389858e-05 1.7533339639e-06
10101010000001000110111100 3.3145849359e-05 3.9603154507e-05 1.7533419809e-06
10000000000001000010010110 4.7657930756e-05 6.7314064713e-05 1.7533378541e-06
10001000000001000110010010 5.6283622032e-05 5.8381027193e-05 1.7533374201e-06
10101000000001000010010100 3.6157196647e-05 3.8681963289e-05 1.7533411295e-06
00001000000001000110110100 4.0092058539e-05 8.2998963408e-05 1.7533356445e-06
10101110000001000000011100 3.7762190877e-05 3.4462268056e-05 1.7533433116e-06
00100000000001000010110000 5.8700368576e-05 5.2629630685e-05 1.7533367582e-06
10001000000001000100010000 4.9392896432e-05 5.4842997683e-05 1.7533376778e-06
00101110001001000010111100 3.0903814607e-05 3.5103453696e-05 1.7533441950e-06
00001000000001000110110010 5.7696375314e-05 7.8905428233e-05 1.7533353938e-06
00000000000001001100000100 1.6765530613e-04 1.7966766603e-04 1.7532239153e-06
00000000000001000000110000 7.0458676771e-05 4.7625657097e-05 1.7533319433e-06
10101110000001000000010100 3.6378221608e-05 3.1217350511e-05 1.7533437195e-06
00100000000001000100011000 5.5466414379e-05 7.1677079083e-05 1.7533368693e-06
00011000000001001000000100 9.9794032955e-05 8.9700009873e-05 1.7533141434e-06
00001000000000000000010100 3.1541822389e-05 1.3518597137e-04 1.7533407844e-06
00101010000000000000010100 2.8193127761e-05 3.3115952540e-05 1.7533464420e-06
10001000000001000110010110 4.4952148580e-05 5.5834711724e-05 1.7533383754e-06
00101000000001000100010000 5.0191472905e-05 4.4968136751e-05 1.7533377885e-06
00001000000001000100010000 5.2319759979e-05 9.3924166335e-05 1.7533324411e-06
00101000000001000000010000 4.7758497214e-05 4.1995451837e-05 1.7533379120e-06
00001000000001000000010100 3.9177451626e-05 1.2812104526e-04 1.7533298684e-06
00101000000001000001000010 8.8782830300e-05 4.5155864902e-05 1.7533370125e-06
10101010000000000000110100 2.7901547459e-05 3.3118540876e-05 1.7533467640e-06
10101010000011000010110100 3.1825221575e-05 3.6267265323e-05 1.7533429505e-06
00101000000001000000110000 4.3235952414e-05 4.1568216006e-05 1.7533391258e-06
00101000000001000110010100 3.8645581934e-05 4.8710456636e-05 1.7533392322e-06
00101010000000000000110100 2.7169640183e-05 3.3387194827e-05 1.7533474883e-06
00101000000001000010010100 3.6525280488e-05 4.6461807163e-05 1.7533396075e-06
00001000000001000010110010 5.7258309087e-05 8.9209268504e-05 1.7533324935e-06
00001000000001000010100000 6.2127261401e-05 1.0170119036e-04 1.7533312167e-06
00101010000001000110110100 3.4385147981e-05 4.2915558097e-05 1.7533413299e-06
00001000000001001100000101 1.0415657277e-04 1.3652316544e-04 1.7533058468e-06
00001000000001000101010010 6.8615036533e-05 8.3533719692e-05 1.7533341210e-06
00101010000001000010110100 3.2422483467e-05 3.9142546009e-05 1.7533420862e-06
10101010001001000010110100 3.1955196109e-05 3.5361687286e-05 1.7533433517e-06
00100000000001000010011000 5.5019679305e-05 7.4127466803e-05 1.7533360476e-06
00101000000001000000010010 6.0802526927e-05 4.9554630641e-05 1.7533368663e-06
00101000000001000010010000 4.5034568094e-05 4.1598475218e-05 1.7533384053e-06
00101000000001000100010010 6.5970009646e-05 4.9345107958e-05 1.7533370741e-06
00000000000001000010110000 7.1664760695e-05 6.0925840590e-05 1.7533312912e-06
00101000000001000010111100 3.2921595844e-05 4.7978170141e-05 1.7533415314e-06
10101010000011000000110100 3.1853358180e-05 3.6490220082e-05 1.7533427586e-06
00000000000000000010010100 3.5973319781e-05 3.9153716621e-04 1.7533357027e-06
00000000000001001000000101 2.1419410673e-04 1.8642073636e-04 1.7532151396e-06
00100000000001000010111000 5.1929527928e-05 7.4330745397e-05 1.7533367302e-06
00111000000001000000000010 9.4443070166e-05 4.4815357270e-05 1.7533357355e-06
00101000000000000000110100 2.6262756816e-05 2.7508814944e-05 1.7533481686e-06
00010000000001000000000100 1.3519544289e-04 2.4398718771e-04 1.7531142603e-06
00001000000001000001100010 6.8963347047e-05 7.7954259165e-05 1.7533345284e-06
00001000000001000010010010 5.7680421612e-05 1.0692081926e-04 1.7533301837e-06
10101010000000000000010100 2.9492789469e-05 3.2858705076e-05 1.7533457175e-06
00101000000001000000110100 3.4578910177e-05 4.6286435171e-05 1.7533402131e-06
00001000000001000010110110 4.1668607754e-05 8.7454840254e-05 1.7533344684e-06
10101010000001000110010110 4.3386073425e-05 4.0587260709e-05 1.7533404697e-06
00000000000001000010010100 4.2140012677e-05 1.7259224385e-04 1.7533291475e-06
00101000000001000110000010 6.7753214325e-05 5.2083927208e-05 1.7533368374e-06
10101010000001000110010100 3.7139304750e-05 3.8611229071e-05 1.7533411763e-06
10101010000001000000110100 3.2000739413e-05 3.5346064181e-05 1.7533424462e-06
00101110000000000000110100 2.6224812740e-05 2.9853994477e-05 1.7533488530e-06
00001000000001000001110110 4.3902673141e-05 7.7865400525e-05 1.7533361714e-06
10101000000001000100000110 7.3775328861e-05 4.5722383758e-05 1.7533371878e-06
00100000000001000100010000 5.6636009398e-05 6.1652869623e-05 1.7533371033e-06
01011000000001000100000100 7.4963347019e-05 1.1751045453e-04 1.7533109125e-06
11011000000001000100010100 5.0476141942e-05 7.1687668881e-05 1.7533371130e-06
10101000000001000110110100 3.4705022274e-05 4.1070606653e-05 1.7533409658e-06
00101000000001000100010100 4.2446659997e-05 4.9256126647e-05 1.7533388149e-06
00100000000001000110010000 5.7493492358e-05 6.2783410223e-05 1.7533369742e-06
10001000000001000100010100 4.2472866524e-05 5.4972982552e-05 1.7533386405e-06
00101000000001000010110000 4.2066106830e-05 4.0688697202e-05 1.7533392149e-06
01010000000001000100000100 9.3280106935e-05 1.4914046116e-04 1.7533031779e-06
00101000000001000110110000 4.2984558179e-05 4.3815570569e-05 1.7533392071e-06
00001000000001000010111110 3.8596872779e-05 7.1560615892e-05 1.7533387278e-06
10101000000001000000010100 3.6962281379e-05 3.9061078678e-05 1.7533406466e-06
10111110000001000100010100 4.2794658744e-05 3.4654304232e-05 1.7533430377e-06
10101110000011000000110100 3.1290120422e-05 3.2724093979e-05 1.7533443435e-06
00101000000001000110010000 4.6076418158e-05 4.4518684401e-05 1.7533383704e-06
00001000000001000000110010 5.9918739619e-05 8.7074234613e-05 1.7533327965e-06
00001000000001000010010000 5.1649566139e-05 1.1989375272e-04 1.7533282856e-06
00001000000001000010111100 3.6989737508e-05 7.7299130436e-05 1.7533388921e-06
10111110000001000110110100 3.3796251897e-05 3.3963043146e-05 1.7533438823e-06
10101110000010000000010100 2.9848977218e-05 3.1579427035e-05 1.7533470166e-06
00001000000001000000010010 6.2766217760e-05 1.0515378498e-04 1.7533303288e-06
00101000000001000000010100 3.7370204560e-05 4.6949507061e-05 1.7533393314e-06
10001010000001000010110100 3.3017938441e-05 4.2542762149e-05 1.7533416191e-06
00001000000001000111110110 4.4099881077e-05 7.1388195593e-05 1.7533372517e-06
00001010000001000010110100 3.4239241300e-05 5.4587142006e-05 1.7533401484e-06
10101110001001000010111100 3.0996736107e-05 3.3641793981e-05 1.7533441850e-06
10101010001011000010111100 3.1656042349e-05 3.6606907410e-05 1.7533434217e-06
10101010001011000010110100 3.1858431575e-05 3.5415647308e-05 1.7533435929e-06
00001000000001000011010000 5.2660813194e-05 1.1261592873e-04 1.7533305778e-06
00001000000001000011100010 6.1764486746e-05 8.2007251794e-05 1.7533345507e-06
10101100000001000010010100 3.5505913283e-05 3.2571892944e-05 1.7533438220e-06
10101000000001000110010100 3.7828239944e-05 4.1323849639e-05 1.7533403462e-06
10101110000001000010010100 3.4967487869e-05 3.1252522728e-05 1.7533440156e-06
00100000000001000000011000 5.7811030426e-05 7.0633371490e-05 1.7533355698e-06
00001000000001000100010100 4.4317347584e-05 9.7440773470e-05 1.7533334516e-06
00101100000001000010110000 3.9261462834e-05 3.3636108626e-05 1.7533431107e-06
10101000000001000100110100 3.6311337180e-05 4.2002044029e-05 1.7533407654e-06
00001000000001000010010100 3.9685668906e-05 1.2426606227e-04 1.7533299674e-06
00101000000001000110010010 5.6758521629e-05 5.1686346927e-05 1.7533377235e-06
10001000000001000110110100 3.6324657995e-05 5.2953844717e-05 1.7533394633e-06
00111000000001000100000110 7.2489726208e-05 4.5234643974e-05 1.7533372223e-06
00001000000001000100010010 6.8100133813e-05 8.5169343290e-05 1.7533339267e-06
00001000000001000001010100 4.7893899970e-05 1.1685368977e-04 1.7533307416e-06
00001000000011000010110100 3.6662262404e-05 6.9704352705e-05 1.7533393090e-06
00001000000001000001100110 5.2711353468e-05 7.7016980145e-05 1.7533362095e-06
