10101000000011000100110100 3.5643631749e-05 4.2817498765e-05 1.7533413467e-06
00101110000001000010010100 3.4891345729e-05 3.3260954432e-05 1.7533440937e-06
00001000000001000100110000 5.1373522542e-05 7.9467437789e-05 1.7533351322e-06
10101110001011000010110100 3.1342812444e-05 3.2252225132e-05 1.7533447386e-06
10111100000001000110010100 3.7840815642e-05 3.4400392506e-05 1.7533435465e-06
10101110000011000110110100 3.2788233719e-05 3.5404107114e-05 1.7533435005e-06
10101110000001000110011100 3.5286433554e-05 3.6156808909e-05 1.7533429163e-06
00101100000000000000010100 2.7913732158e-05 2.8845153158e-05 1.7533493558e-06
10101010000011000010010100 3.5013041856e-05 3.6306084308e-05 1.7533425020e-06
10101100000001000000110100 3.2167147303e-05 3.2913465097e-05 1.7533441538e-06
10001000000001000000110100 3.5308208771e-05 5.3399065155e-05 1.7533397667e-06
10111110000011000110110100 3.3479501732e-05 3.4683396142e-05 1.7533439045e-06
00001000000001000100110100 4.1648956310e-05 8.3281536825e-05 1.7533358949e-06
10111010000001000000000000 1.0357388355e-04 4.5175816537e-05 1.7533370415e-06
00101110000001000010110100 3.1439191612e-05 3.3201234925e-05 1.7533443093e-06
10111110001011000110110100 3.3591298401e-05 3.4035739638e-05 1.7533442272e-06
00001000000001000011000010 6.7043019331e-05 1.0107547513e-04 1.7533309793e-06
10101010000001000000110000 3.9123664277e-05 3.7495016965e-05 1.7533416468e-06
00001000001000000000010100 3.0530773771e-05 7.7705011478e-05 1.7533455021e-06
10111110001011000010110100 3.3773922851e-05 3.2421975716e-05 1.7533449842e-06
10101010000011000000000100 8.3473292504e-05 4.6195953276e-05 1.7533375815e-06
10001010000000000000110100 2.9658605960e-05 4.0306178223e-05 1.7533462205e-06
10111110001001000110011100 3.5572239061e-05 3.4625203407e-05 1.7533437353e-06
10001110000011000010111100 3.1726010535e-05 3.7756839885e-05 1.7533437356e-06
00101100000001000010110100 3.2347119954e-05 3.4611981256e-05 1.7533439120e-06
10101010001001000010010100 3.5391596107e-05 3.5321912772e-05 1.7533430977e-06
10101010000001000000111100 3.3783011466e-05 3.8154728983e-05 1.7533424894e-06
10111100000001000000010000 5.0797939572e-05 3.3652317135e-05 1.7533434625e-06
00101010000011000010110100 3.2396313480e-05 4.0641388121e-05 1.7533426427e-06
00000000000001000100000100 1.6185733263e-04 1.8444516240e-04 1.7532436423e-06
10001000000001000000010100 3.7738607555e-05 5.5628718113e-05 1.7533391531e-06
10001000000001000110110110 4.1282394934e-05 5.3711517963e-05 1.7533390626e-06
11001000000001000100000100 1.0091241847e-04 8.4092322674e-05 1.7533311812e-06
00001010000000000000010100 3.0201333197e-05 4.8917074933e-05 1.7533459864e-06
10101110000001000110111100 3.2430229818e-05 3.6142335609e-05 1.7533431589e-06
01011000000001001000000100 9.9386052455e-05 1.2304499844e-04 1.7533104941e-06
10101110001001000110111110 3.5748754432e-05 3.6083618145e-05 1.7533430775e-06
00001000000001000000110100 4.0486061183e-05 9.8521182928e-05 1.7533332221e-06
10101000000000000000010100 3.0545203969e-05 3.6184350472e-05 1.7533457384e-06
10111010000001000000010100 4.2875690273e-05 3.6142417015e-05 1.7533418624e-06
10111000000001000000000010 9.4891158528e-05 4.6189563514e-05 1.7533364802e-06
00000000000001000100000101 2.0853351872e-04 1.8034623058e-04 1.7532323026e-06
00101010000010000000010100 3.0304210891e-05 3.8932721815e-05 1.7533458895e-06
10101000000001000000110110 3.9810014191e-05 4.4314307515e-05 1.7533405659e-06
10001000000001000010110110 3.8645621179e-05 5.5597243936e-05 1.7533390714e-06
10101010000001000110110100 3.3620633855e-05 3.8456023555e-05 1.7533417365e-06
10000000000001000010110100 3.7024149059e-05 5.9940757982e-05 1.7533395828e-06
10111110000011000000010100 4.2399117620e-05 3.3138615366e-05 1.7533438890e-06
10101100000001000000110000 3.9127015433e-05 3.3459357191e-05 1.7533433742e-06
00001000000011000010110110 3.9515556152e-05 6.6608941520e-05 1.7533390240e-06
00101000001000000000010100 2.8110205536e-05 4.6020352148e-05 1.7533467935e-06
10101110001011000010010100 3.4903495804e-05 3.2141461700e-05 1.7533445769e-06
00001000000001000000010110 4.8683039448e-05 1.0870794110e-04 1.7533327397e-06
00001000000001000010000010 6.8410328114e-05 1.1081037731e-04 1.7533302840e-06
01011000000000000100000100 8.9380764123e-05 1.2546798590e-04 1.7533123544e-06
00001000000001000010011100 3.8888275084e-05 8.5880870686e-05 1.7533387471e-06
01001000000001000100000100 8.8944232034e-05 1.4356072363e-04 1.7533154240e-06
10101110000001000010110000 3.7707152471e-05 3.4287740925e-05 1.7533436152e-06
10111110000001000110111100 3.2882729391e-05 3.5312795468e-05 1.7533436360e-06
10101110000011000010111100 3.1126143748e-05 3.4672606288e-05 1.7533439368e-06
10111010001001000110111100 3.3373177483e-05 3.7256296819e-05 1.7533431158e-06
10101010001001000110111100 3.2977368952e-05 3.8324344642e-05 1.7533425765e-06
00101100000001000000110000 4.0038615587e-05 3.3934057985e-05 1.7533433127e-06
00000000000001000010010110 4.9774100914e-05 1.2484292059e-04 1.7533322728e-06
10100000000001000000111000 5.1404916703e-05 7.0592780636e-05 1.7533376075e-06
01011000000000000000000100 1.1115967568e-04 1.5105441442e-04 1.7533078520e-06
00001000000001000110010110 4.6912367723e-05 8.6801518284e-05 1.7533350103e-06
10101000000001000100110000 4.2127692586e-05 4.1725641165e-05 1.7533400802e-06
10101110000001000100111100 3.4676987544e-05 3.6895926296e-05 1.7533430151e-06
00001000000001000001110000 5.6176337202e-05 9.1477414122e-05 1.7533342704e-06
10001000000001000000110000 4.3199052572e-05 5.1241893729e-05 1.7533387605e-06
10101000000010000000010100 3.0972197914e-05 4.0036056591e-05 1.7533454526e-06
10111110000011000100010100 4.2418916090e-05 3.5186868647e-05 1.7533430344e-06
10101110001011000010111100 3.1080238170e-05 3.3895606582e-05 1.7533442536e-06
10111000000001000100010100 4.2671133704e-05 3.9813704019e-05 1.7533405542e-06
10001000000001000000010010 6.0191138057e-05 5.8839320419e-05 1.7533367824e-06
10001110000001000010110100 3.1943590902e-05 3.5353582726e-05 1.7533439219e-06
00001000000001000100000100 9.0429193736e-05 9.8767410876e-05 1.7533196250e-06
00101010000001000000010000 4.6355959483e-05 4.1243175023e-05 1.7533400808e-06
00001000000001000010100110 4.7672785437e-05 8.9452466065e-05 1.7533346291e-06
10001010000001000110110100 3.4534594249e-05 4.5241096850e-05 1.7533409854e-06
10101110000011000000010000 4.5462061649e-05 3.4940537429e-05 1.7533429676e-06
00000000000001000010111110 4.3440229636e-05 8.0135518292e-05 1.7533380132e-06
00011000000001000100000101 9.3621294574e-05 1.2623674373e-04 1.7533149399e-06
00001000000001000111110100 4.1938313499e-05 7.9915340674e-05 1.7533369417e-06
00001000000001000010111010 5.0311509670e-05 7.3058926829e-05 1.7533374653e-06
10001010000001000010010100 3.6133340420e-05 4.3361752640e-05 1.7533412164e-06
10101100000011000010110100 3.2003822309e-05 3.4591294806e-05 1.7533442026e-06
10111110000001000010011100 3.5791105494e-05 3.3912231393e-05 1.7533439544e-06
10111010000001000100000100 7.5762802773e-05 4.4584779132e-05 1.7533377821e-06
00101000001000000000110100 2.8045758681e-05 4.6927754111e-05 1.7533471436e-06
10101000000110000000000000 4.7327527642e-04 1.2139963427e-04 1.7533156029e-06
01010000000001000000000101 1.1034099980e-04 1.7315799046e-04 1.7532995751e-06
10111010001011000110111100 3.3090321612e-05 3.7244710701e-05 1.7533432223e-06
10101000000011000100010100 4.1144952842e-05 4.2744201985e-05 1.7533404497e-06
10101000000011000000010100 3.6419526980e-05 4.0353521181e-05 1.7533413937e-06
10111010000001000010110100 3.4569324500e-05 3.5630251928e-05 1.7533432475e-06
10101110001011000110010100 3.6639483186e-05 3.4778889826e-05 1.7533436631e-06
10101110000011000010010100 3.4765391080e-05 3.2503619630e-05 1.7533441014e-06
10101010000001000010110000 3.8637985811e-05 3.7645052315e-05 1.7533418366e-06
10101100000001000110110100 3.3726892802e-05 3.5706773039e-05 1.7533431934e-06
00001000000001000010100010 6.3920297624e-05 9.1408416517e-05 1.7533325810e-06
10101010001011000010011100 3.4387234079e-05 3.6569234573e-05 1.7533432144e-06
01011000000000001100000100 9.6453216426e-05 1.1682707253e-04 1.7533140737e-06
10111010000001000110111100 3.3528714536e-05 3.8597650400e-05 1.7533426006e-06
10111110001001000010110100 3.4053693233e-05 3.2057708462e-05 1.7533449894e-06
11011000000000000100000000 1.2853792878e-04 7.9152222034e-05 1.7533293331e-06
10111110001001000110111100 3.2814144618e-05 3.4612564720e-05 1.7533439507e-06
10101110000001000010111110 3.3305413139e-05 3.6133912026e-05 1.7533432156e-06
10101010001011000010010100 3.5173674763e-05 3.5315625922e-05 1.7533433456e-06
10111010000011000110110100 3.3852958056e-05 3.8043063343e-05 1.7533426451e-06
10101000000000000000110100 2.9302132428e-05 3.6114917362e-05 1.7533468459e-06
00001000000001000010111000 4.6224689828e-05 7.6049026346e-05 1.7533377154e-06
10101010000001000000000100 8.4479704454e-05 4.6117362800e-05 1.7533372673e-06
10111010000001000110010100 3.7736060039e-05 3.7741048336e-05 1.7533417753e-06
00101110000001000000010100 3.6289373297e-05 3.3328522870e-05 1.7533439597e-06
10111110000001000010111100 3.2937106858e-05 3.3993574438e-05 1.7533442739e-06
10101010001011000000110100 3.2106551788e-05 3.5644974791e-05 1.7533434956e-06
10111110001001000110110100 3.3863686444e-05 3.3800930548e-05 1.7533442131e-06
10111000000001000010010000 4.5630331202e-05 3.7873861113e-05 1.7533414309e-06
00001000000001000111010010 6.0129161105e-05 8.5239185108e-05 1.7533346937e-06
00101110000000000000010100 2.7843777852e-05 2.9408015790e-05 1.7533482126e-06
10001010000011000010110100 3.2508328375e-05 4.2181852529e-05 1.7533423246e-06
10101110001001000110111100 3.2360664761e-05 3.5514037026e-05 1.7533435188e-06
10101010001011000000010100 3.6906838584e-05 3.5164713454e-05 1.7533430333e-06
10101110001011000110110100 3.2872606834e-05 3.4826659108e-05 1.7533438742e-06
10101110000001000010010000 4.2485877952e-05 3.4432552261e-05 1.7533432667e-06
10111000000001000100000010 9.2815439886e-05 4.6366134265e-05 1.7533363715e-06
10001010000011000110110100 3.3870881223e-05 4.4286234008e-05 1.7533416201e-06
10101010000011000110111100 3.2906089587e-05 3.9697195039e-05 1.7533422516e-06
00011000000001001000000101 1.0386537961e-04 1.3001709629e-04 1.7533116119e-06
10111110000011000010110100 3.3662426229e-05 3.2914694524e-05 1.7533446863e-06
00001000000001000001110100 4.3190464842e-05 8.9715369228e-05 1.7533356284e-06
10111100000001000110110100 3.4398534273e-05 3.4352544870e-05 1.7533438885e-06
10101110000001000100110100 3.4676952445e-05 3.5431208828e-05 1.7533432891e-06
10111110000001000100110100 3.6061396537e-05 3.4654139424e-05 1.7533437511e-06
10101000000001000010111100 3.2811119548e-05 4.2306351220e-05 1.7533421341e-06
00101110001001000010110100 3.1392112479e-05 3.3889197796e-05 1.7533446374e-06
10101100000001000000010100 3.6636680700e-05 3.2921495892e-05 1.7533437351e-06
10101110001011000000110100 3.1563676952e-05 3.2422876946e-05 1.7533447328e-06
00101110000001000000110100 3.1425832306e-05 3.3534881441e-05 1.7533443805e-06
00001000000001000110100000 5.6673707349e-05 8.4273575509e-05 1.7533347254e-06
10001010000011000000110100 3.2430482556e-05 4.2338589130e-05 1.7533423029e-06
00101100000001000010010100 3.5526366196e-05 3.4795800882e-05 1.7533438153e-06
00101100000001000000010000 4.6504509600e-05 3.4042879708e-05 1.7533430637e-06
10111110000001000010110100 3.3991754311e-05 3.1905786078e-05 1.7533446960e-06
00000000000001000010110100 4.2622856054e-05 1.2233155313e-04 1.7533328342e-06
10000000000001000100010100 4.1188446457e-05 6.5425580395e-05 1.7533388734e-06
00101000000001000100000001 1.0959248977e-04 7.7453339025e-05 1.7533308621e-06
00001000000001001000000100 1.3326082036e-04 1.2453437897e-04 1.7533104914e-06
10101000000010000000000000 2.9685228483e-04 9.6845050160e-05 1.7533177197e-06
10101110001001000000110100 3.1448364045e-05 3.1904793905e-05 1.7533446988e-06
00101000000001000100010001 5.5256499747e-05 7.2557373784e-05 1.7533371241e-06
00101000000001000010000010 6.4671783720e-05 5.2856457424e-05 1.7533367949e-06
00111000000001000000000110 7.3518516443e-05 4.5784257946e-05 1.7533376184e-06
10101000000011000000110100 3.2967314488e-05 4.0569018386e-05 1.7533422017e-06
10001010000010000000110100 2.9944102698e-05 4.1703120166e-05 1.7533460314e-06
10101010001001000000111100 3.3698982483e-05 3.7311474347e-05 1.7533430810e-06
10101010001001000000010100 3.7073651084e-05 3.5110902155e-05 1.7533428465e-06
00011000000001000000000100 8.2010413144e-05 8.9280105843e-05 1.7533204200e-06
10101010001001000110110100 3.3592480399e-05 3.7941451307e-05 1.7533425049e-06
10111010000001000100000010 9.2916614983e-05 4.5688207369e-05 1.7533373615e-06
10101010001000000000110100 2.8076531269e-05 3.5114483074e-05 1.7533469655e-06
00101010001000000000010100 2.8347292453e-05 3.7101829751e-05 1.7533467773e-06
10111110001011000110011100 3.5309420068e-05 3.4872640565e-05 1.7533437522e-06
10111010001011000110110100 3.3952065218e-05 3.6808295166e-05 1.7533432118e-06
00011000000001100100000101 1.2303251276e-04 1.3983093601e-04 1.7533144672e-06
10101110000001000000110000 3.8171563290e-05 3.4028782991e-05 1.7533435843e-06
10101010001001000000110100 3.2084256651e-05 3.5521477343e-05 1.7533432919e-06
