00000101100000000000000000 2.5619904232e-01 1.7281033066e-01 1.7458465743e-06
00001000000000001100000000 5.5272536426e-03 8.1116674007e-03 1.7483916449e-06
00000111100000000000000000 2.7198350677e-01 1.8374574876e-01 1.7396389643e-06
00001000000000100100000000 4.7058269829e-03 6.9509140009e-03 1.7544929330e-06
01000001000010000000000000 1.7544134465e-01 3.5281710508e-01 1.7539235528e-06
00100001000010000000000000 1.3740239712e-01 5.9665769431e-01 1.7510176277e-06
00010000000000001100000000 8.9803967382e-02 2.6081616452e-02 1.7484798028e-06
00001000000000000100000001 1.8775430944e-03 2.6089298679e-03 1.7531070098e-06
00001000000000111000000000 6.2922766623e-04 7.3555115887e-04 1.7531062270e-06
00001000000000011000000000 6.4812815999e-04 5.8527065398e-04 1.7530664942e-06
00000000000000011000000100 1.4945433026e-03 1.6874140596e-03 1.7530008334e-06
