00000101100000000000000000 2.5619904232e-01 1.7281033066e-01 1.7458465743e-06
00001000000000001100000000 5.5272536426e-03 8.1116674007e-03 1.7483916449e-06
00000111100000000000000000 2.7198350677e-01 1.8374574876e-01 1.7396389643e-06
00001000000000100100000000 4.7058269829e-03 6.9509140009e-03 1.7544929330e-06
01000001000010000000000000 1.7544134465e-01 3.5281710508e-01 1.7539235528e-06
00100001000010000000000000 1.3740239712e-01 5.9665769431e-01 1.7510176277e-06
00010000000000001100000000 8.9803967382e-02 2.6081616452e-02 1.7484798028e-06
00001000000000000100000001 1.8775430944e-03 2.6089298679e-03 1.7531070098e-06
00001000000000111000000000 6.2922766623e-04 7.3555115887e-04 1.7531062270e-06
00001000000000011000000000 6.4812815999e-04 5.8527065398e-04 1.7530664942e-06
00000000000000011000000100 1.4945433026e-03 1.6874140596e-03 1.7530008334e-06
10101000000001000000010000 4.6377905202e-05 3.8412831228e-05 1.7533395096e-06
01011000000001001100000101 9.1036526667e-05 1.2273905719e-04 1.7533093282e-06
00001000000001001100000000 1.4732975134e-04 1.4104585546e-04 1.7532347596e-06
00000000000001001100000100 1.6765530613e-04 1.7966766603e-04 1.7532239153e-06
11011000000001000100000100 8.3848799013e-05 7.4675795156e-05 1.7533295271e-06
00010000000001001000000100 1.2059895511e-04 1.6658519961e-04 1.7532629083e-06
00001000000001000100000000 1.3308243565e-04 1.3503990821e-04 1.7532524622e-06
00001000000001000011000000 6.3988495974e-05 1.1147323726e-04 1.7533296886e-06
01010000000001000000000100 8.9105781512e-05 1.5658245427e-04 1.7532991958e-06
10001000000001000010110100 3.5230847231e-05 5.2839569266e-05 1.7533396192e-06
00000000000001001100000101 1.9248796088e-04 1.7595066702e-04 1.7532243373e-06
11111000000001000100000001 1.0788296509e-04 7.3266337133e-05 1.7533298465e-06
01011000000001000100000100 7.4963347019e-05 1.1751045453e-04 1.7533109125e-06
00101000000001000110110100 3.6015193081e-05 4.7916912778e-05 1.7533399191e-06
00001000000001000000010000 5.0716081785e-05 1.2249573874e-04 1.7533277917e-06
00001000000001000000010100 3.9177451626e-05 1.2812104526e-04 1.7533298684e-06
00101100000000000000110100 2.6092481004e-05 2.8932462701e-05 1.7533497709e-06
00000110000000000010000000 3.7720280333e-04 3.7651224131e-04 1.7567636179e-06
00001000000001001100000100 1.0192091759e-04 9.4673576483e-05 1.7533089876e-06
00011000000001000100000100 7.6078270330e-05 7.6936232565e-05 1.7533196230e-06
10101000000001000100010100 4.1736919901e-05 4.2003455149e-05 1.7533397206e-06
00100000000001000000000010 1.3619336163e-04 6.8233319864e-05 1.7533299785e-06
00101000000000000000110100 2.6262756816e-05 2.7508814944e-05 1.7533481686e-06
00001000000001000001010000 5.7747232377e-05 1.1377559506e-04 1.7533288068e-06
00001000000001000010010100 3.9685668906e-05 1.2426606227e-04 1.7533299674e-06
00010000000001001100000100 1.1459969588e-04 1.3728243165e-04 1.7532817788e-06
00000000000001001000000101 2.1419410673e-04 1.8642073636e-04 1.7532151396e-06
00000000000001001000000100 1.7853502427e-04 1.9845659988e-04 1.7532037188e-06
00101000000001000010010100 3.6525280488e-05 4.6461807163e-05 1.7533396075e-06
00001000000001000010010000 5.1649566139e-05 1.1989375272e-04 1.7533282856e-06
00101000000001000010110000 4.2066106830e-05 4.0688697202e-05 1.7533392149e-06
00010000000001001100000101 1.3036745052e-04 1.3261967935e-04 1.7532817934e-06
00000110000000000000010000 1.3105988067e-03 1.0115241286e-03 1.7561920030e-06
00011000000001000100000000 1.3437163056e-04 1.2689776160e-04 1.7532586926e-06
01111000000001000100000100 8.1453138568e-05 7.5564354098e-05 1.7533294886e-06
00010000000001000000000100 1.3519544289e-04 2.4398718771e-04 1.7531142603e-06
00011000000001000000000000 2.3951238281e-04 2.0937124056e-04 1.7531438097e-06
00010000000001000100000100 1.1295593485e-04 1.4096776016e-04 1.7532807607e-06