 Nombre_de_stations
          26
 Nombre_d_EOP
          14
 Nombre_de_sources
           0
 Codes_des_stations
 7839__A
 1864__A
 7840__A
 7237__A
 7849__A
 7835__A
 7845__A
 7811__A
 1884__A
 7939__A
 7824__B
 7810__B
 7836__A
 7837__A
 7328__A
 7838__A
 7337__A
 7339__A
 7080__A
 7210__A
 7105__A
 7110__A
 7403__A
 7090__A
 7124__A
 7335__A
 DOMES_des_stations
 11001S002
 12340S002
 13212S001
 21611S001
 50119S001
 10002S001
 10002S002
 12205S001
 12302S002
 12734S001
 13402S007
 14001S007
 14106S009
 21605S001
 21704M001
 21726S001
 21739M001
 21740M001
 40442M006
 40445M001
 40451M105
 40497M001
 42202M003
 50107M001
 92201M007
 21701M002
 SOLN_des_stations
 _2
 _1
 _1
 _1
 _1
 _1
 _1
 _1
 _1
 _1
 _1
 _1
 _1
 _2
 _1
 _1
 _1
 _1
 _2
 _3
 _1
 _1
 _1
 _1
 _1
 _1
 Matrice_transformation_reperes_terrestres
           1             1     1.0000000000000000     
           1             2     0.0000000000000000     
           1             3     0.0000000000000000     
           1             4     4.1944264743801699E-003
           1             5     0.0000000000000000     
           1             6    -22.530487673027739     
           1             7     5.6368999499275336     
           2             1     0.0000000000000000     
           2             2     1.0000000000000000     
           2             3     0.0000000000000000     
           2             4     1.1626940760060701E-003
           2             5     22.530487673027739     
           2             6     0.0000000000000000     
           2             7    -20.335153391875430     
           3             1     0.0000000000000000     
           3             2     0.0000000000000000     
           3             3     1.0000000000000000     
           3             4     4.6472466745296603E-003
           3             5    -5.6368999499275336     
           3             6     20.335153391875430     
           3             7     0.0000000000000000     
           4             1     1.0000000000000000     
           4             2     0.0000000000000000     
           4             3     0.0000000000000000     
           4             4     1.9532856879951803E-003
           4             5     0.0000000000000000     
           4             6    -19.231432122663005     
           4             7     22.247972673951494     
           5             1     0.0000000000000000     
           5             2     1.0000000000000000     
           5             3     0.0000000000000000     
           5             4     4.5889737729832994E-003
           5             5     19.231432122663005     
           5             6     0.0000000000000000     
           5             7    -9.4697962465551573     
           6             1     0.0000000000000000     
           6             2     0.0000000000000000     
           6             3     1.0000000000000000     
           6             4     3.9667676206352701E-003
           6             5    -22.247972673951494     
           6             6     9.4697962465551573     
           6             7     0.0000000000000000     
           7             1     1.0000000000000000     
           7             2     0.0000000000000000     
           7             3     0.0000000000000000     
           7             4     4.0334636819271399E-003
           7             5     0.0000000000000000     
           7             6    -23.873705275876898     
           7             7    0.11471912987837257     
           8             1     0.0000000000000000     
           8             2     1.0000000000000000     
           8             3     0.0000000000000000     
           8             4     2.3662519097198001E-005
           8             5     23.873705275876898     
           8             6     0.0000000000000000     
           8             7    -19.554783752567193     
           9             1     0.0000000000000000     
           9             2     0.0000000000000000     
           9             3     1.0000000000000000     
           9             4     4.9243051931290305E-003
           9             5   -0.11471912987837257     
           9             6     19.554783752567193     
           9             7     0.0000000000000000     
          10             1     1.0000000000000000     
          10             2     0.0000000000000000     
          10             3     0.0000000000000000     
          10             4    -2.6743867928681903E-003
          10             5     0.0000000000000000     
          10             6    -21.290633456697659     
          10             7     18.215367703349784     
          11             1     0.0000000000000000     
          11             2     1.0000000000000000     
          11             3     0.0000000000000000     
          11             4     3.7571892900510602E-003
          11             5     21.290633456697659     
          11             6     0.0000000000000000     
          11             7     12.965793057611535     
          12             1     0.0000000000000000     
          12             2     0.0000000000000000     
          12             3     1.0000000000000000     
          12             4     4.3915083848236908E-003
          12             5    -18.215367703349784     
          12             6    -12.965793057611535     
          12             7     0.0000000000000000     
          13             1     1.0000000000000000     
          13             2     0.0000000000000000     
          13             3     0.0000000000000000     
          13             4    -4.4670637226052502E-003
          13             5     0.0000000000000000     
          13             6     17.778152849698380     
          13             7     13.007718202808288     
          14             1     0.0000000000000000     
          14             2     1.0000000000000000     
          14             3     0.0000000000000000     
          14             4     2.6830344748190803E-003
          14             5    -17.778152849698380     
          14             6     0.0000000000000000     
          14             7     21.656936071071183     
          15             1     0.0000000000000000     
          15             2     0.0000000000000000     
          15             3     1.0000000000000000     
          15             4    -3.6670072529743003E-003
          15             5    -13.007718202808288     
          15             6    -21.656936071071183     
          15             7     0.0000000000000000     
          16             1     1.0000000000000000     
          16             2     0.0000000000000000     
          16             3     0.0000000000000000     
          16             4     4.5816916073990605E-003
          16             5     0.0000000000000000     
          16             6    -21.280215456677887     
          16             7     2.6963377523487440     
          17             1     0.0000000000000000     
          17             2     1.0000000000000000     
          17             3     0.0000000000000000     
          17             4     5.5615958406494503E-004
          17             5     21.280215456677887     
          17             6     0.0000000000000000     
          17             7    -22.212667738918054     
          18             1     0.0000000000000000     
          18             2     0.0000000000000000     
          18             3     1.0000000000000000     
          18             4     4.3893595180681307E-003
          18             5    -2.6963377523487440     
          18             6     22.212667738918054     
          18             7     0.0000000000000000     
          19             1     1.0000000000000000     
          19             2     0.0000000000000000     
          19             3     0.0000000000000000     
          19             4     4.5816921505267708E-003
          19             5     0.0000000000000000     
          19             6    -21.280194054865721     
          19             7     2.6965146444907089     
          20             1     0.0000000000000000     
          20             2     1.0000000000000000     
          20             3     0.0000000000000000     
          20             4     5.5619607068833400E-004
          20             5     21.280194054865721     
          20             6     0.0000000000000000     
          20             7    -22.212670372075500     
          21             1     0.0000000000000000     
          21             2     0.0000000000000000     
          21             3     1.0000000000000000     
          21             4     4.3893551036274904E-003
          21             5    -2.6965146444907089     
          21             6     22.212670372075500     
          21             7     0.0000000000000000     
          22             1     1.0000000000000000     
          22             2     0.0000000000000000     
          22             3     0.0000000000000000     
          22             4     3.7383327765113106E-003
          22             5     0.0000000000000000     
          22             6    -24.346451189900037     
          22             7     5.5668562241734056     
          23             1     0.0000000000000000     
          23             2     1.0000000000000000     
          23             3     0.0000000000000000     
          23             4     1.1482465204845701E-003
          23             5     24.346451189900037     
          23             6     0.0000000000000000     
          23             7    -18.123948745928807     
          24             1     0.0000000000000000     
          24             2     0.0000000000000000     
          24             3     1.0000000000000000     
          24             4     5.0218160374891204E-003
          24             5    -5.5668562241734056     
          24             6     18.123948745928807     
          24             7     0.0000000000000000     
          25             1     1.0000000000000000     
          25             2     0.0000000000000000     
          25             3     0.0000000000000000     
          25             4     3.1838958948681700E-003
          25             5     0.0000000000000000     
          25             6    -25.805681040765190     
          25             7     6.8916123317153177     
          26             1     0.0000000000000000     
          26             2     1.0000000000000000     
          26             3     0.0000000000000000     
          26             4     1.4214970823313601E-003
          26             5     25.805681040765190     
          26             6     0.0000000000000000     
          26             7    -15.435962890605776     
          27             1     0.0000000000000000     
          27             2     0.0000000000000000     
          27             3     1.0000000000000000     
          27             4     5.3228037999478008E-003
          27             5    -6.8916123317153177     
          27             6     15.435962890605776     
          27             7     0.0000000000000000     
          28             1     1.0000000000000000     
          28             2     0.0000000000000000     
          28             3     0.0000000000000000     
          28             4     4.6419648432372502E-003
          28             5     0.0000000000000000     
          28             6    -20.038621719669081     
          28             7     6.7537946530337907     
          29             1     0.0000000000000000     
          29             2     1.0000000000000000     
          29             3     0.0000000000000000     
          29             4     1.3930701455406901E-003
          29             5     20.038621719669081     
          29             6     0.0000000000000000     
          29             7    -22.504880632309014     
          30             1     0.0000000000000000     
          30             2     0.0000000000000000     
          30             3     1.0000000000000000     
          30             4     4.1332624264663999E-003
          30             5    -6.7537946530337907     
          30             6     22.504880632309014     
          30             7     0.0000000000000000     
          31             1     1.0000000000000000     
          31             2     0.0000000000000000     
          31             3     0.0000000000000000     
          31             4     5.1054739429832203E-003
          31             5     0.0000000000000000     
          31             6    -18.276956195518643     
          31             7    -2.6912525069885711     
          32             1     0.0000000000000000     
          32             2     1.0000000000000000     
          32             3     0.0000000000000000     
          32             4    -5.5511067691601005E-004
          32             5     18.276956195518643     
          32             6     0.0000000000000000     
          32             7    -24.752036161065121     
          33             1     0.0000000000000000     
          33             2     0.0000000000000000     
          33             3     1.0000000000000000     
          33             4     3.7698928284553204E-003
          33             5     2.6912525069885711     
          33             6     24.752036161065121     
          33             7     0.0000000000000000     
          34             1     1.0000000000000000     
          34             2     0.0000000000000000     
          34             3     0.0000000000000000     
          34             4     4.3312836321879704E-003
          34             5     0.0000000000000000     
          34             6    -22.462097952633503     
          34             7     2.7515590115389865     
          35             1     0.0000000000000000     
          35             2     1.0000000000000000     
          35             3     0.0000000000000000     
          35             4     5.6754978639254102E-004
          35             5     22.462097952633503     
          35             6     0.0000000000000000     
          35             7    -20.998655616505314     
          36             1     0.0000000000000000     
          36             2     0.0000000000000000     
          36             3     1.0000000000000000     
          36             4     4.6331402821032505E-003
          36             5    -2.7515590115389865     
          36             6     20.998655616505314     
          36             7     0.0000000000000000     
          37             1     1.0000000000000000     
          37             2     0.0000000000000000     
          37             3     0.0000000000000000     
          37             4     3.8006396391321003E-003
          37             5     0.0000000000000000     
          37             6    -24.380464125999985     
          37             7     4.2759697873577398     
          38             1     0.0000000000000000     
          38             2     1.0000000000000000     
          38             3     0.0000000000000000     
          38             4     8.8198207970778205E-004
          38             5     24.380464125999985     
          38             6     0.0000000000000000     
          38             7    -18.426020940184518     
          39             1     0.0000000000000000     
          39             2     0.0000000000000000     
          39             3     1.0000000000000000     
          39             4     5.0288317091636706E-003
          39             5    -4.2759697873577398     
          39             6     18.426020940184518     
          39             7     0.0000000000000000     
          40             1     1.0000000000000000     
          40             2     0.0000000000000000     
          40             3     0.0000000000000000     
          40             4    -2.8310881514535201E-003
          40             5     0.0000000000000000     
          40             6    -15.878485778059462     
          40             7     22.670873367716400     
          41             1     0.0000000000000000     
          41             2     1.0000000000000000     
          41             3     0.0000000000000000     
          41             4     4.6762033026444801E-003
          41             5     15.878485778059462     
          41             6     0.0000000000000000     
          41             7     13.725502682517725     
          42             1     0.0000000000000000     
          42             2     0.0000000000000000     
          42             3     1.0000000000000000     
          42             4     3.2751727925087104E-003
          42             5    -22.670873367716400     
          42             6    -13.725502682517725     
          42             7     0.0000000000000000     
          43             1     1.0000000000000000     
          43             2     0.0000000000000000     
          43             3     0.0000000000000000     
          43             4    -3.9419412341726101E-003
          43             5     0.0000000000000000     
          43             6    -17.948751177683551     
          43             7     16.329346674262542     
          44             1     0.0000000000000000     
          44             2     1.0000000000000000     
          44             3     0.0000000000000000     
          44             4     3.3681695279084304E-003
          44             5     17.948751177683551     
          44             6     0.0000000000000000     
          44             7     19.111070404566906     
          45             1     0.0000000000000000     
          45             2     0.0000000000000000     
          45             3     1.0000000000000000     
          45             4     3.7021956840422401E-003
          45             5    -16.329346674262542     
          45             6    -19.111070404566906     
          45             7     0.0000000000000000     
          46             1     1.0000000000000000     
          46             2     0.0000000000000000     
          46             3     0.0000000000000000     
          46             4    -3.8223883292553005E-003
          46             5     0.0000000000000000     
          46             6    -17.005194308109687     
          46             7     17.935020643439536     
          47             1     0.0000000000000000     
          47             2     1.0000000000000000     
          47             3     0.0000000000000000     
          47             4     3.6993635580567300E-003
          47             5     17.005194308109687     
          47             6     0.0000000000000000     
          47             7     18.531461565363912     
          48             1     0.0000000000000000     
          48             2     0.0000000000000000     
          48             3     1.0000000000000000     
          48             4     3.5075731091564698E-003
          48             5    -17.935020643439536     
          48             6    -18.531461565363912     
          48             7     0.0000000000000000     
          49             1     1.0000000000000000     
          49             2     0.0000000000000000     
          49             3     0.0000000000000000     
          49             4    -3.9761616676848204E-003
          49             5     0.0000000000000000     
          49             6    -17.728120323010586     
          49             7     16.376765614506581     
          50             1     0.0000000000000000     
          50             2     1.0000000000000000     
          50             3     0.0000000000000000     
          50             4     3.3779503864303103E-003
          50             5     17.728120323010586     
          50             6     0.0000000000000000     
          50             7     19.276975747969090     
          51             1     0.0000000000000000     
          51             2     0.0000000000000000     
          51             3     1.0000000000000000     
          51             4     3.6566873035509899E-003
          51             5    -16.376765614506581     
          51             6    -19.276975747969090     
          51             7     0.0000000000000000     
          52             1     1.0000000000000000     
          52             2     0.0000000000000000     
          52             3     0.0000000000000000     
          52             4    -4.0009551665433100E-003
          52             5     0.0000000000000000     
          52             6    -17.609406760998816     
          52             7     16.363966812921994     
          53             1     0.0000000000000000     
          53             2     1.0000000000000000     
          53             3     0.0000000000000000     
          53             4     3.3753104441012699E-003
          53             5     17.609406760998816     
          53             6     0.0000000000000000     
          53             7     19.397178022460789     
          54             1     0.0000000000000000     
          54             2     0.0000000000000000     
          54             3     1.0000000000000000     
          54             4     3.6322008736837303E-003
          54             5    -16.363966812921994     
          54             6    -19.397178022460789     
          54             7     0.0000000000000000     
          55             1     1.0000000000000000     
          55             2     0.0000000000000000     
          55             3     0.0000000000000000     
          55             4    -1.3300210963808302E-003
          55             5     0.0000000000000000     
          55             6    -15.690901572218262     
          55             7    -25.832821164636218     
          56             1     0.0000000000000000     
          56             2     1.0000000000000000     
          56             3     0.0000000000000000     
          56             4    -5.3284018523395800E-003
          56             5     15.690901572218262     
          56             6     0.0000000000000000     
          56             7     6.4481242368973115     
          57             1     0.0000000000000000     
          57             2     0.0000000000000000     
          57             3     1.0000000000000000     
          57             4     3.2364807726358602E-003
          57             5     25.832821164636218     
          57             6    -6.4481242368973115     
          57             7     0.0000000000000000     
          58             1     1.0000000000000000     
          58             2     0.0000000000000000     
          58             3     0.0000000000000000     
          58             4    -5.4660066315794509E-003
          58             5     0.0000000000000000     
          58             6    -10.870433361882082     
          58             7    -11.656992362566882     
          59             1     0.0000000000000000     
          59             2     1.0000000000000000     
          59             3     0.0000000000000000     
          59             4    -2.4044272710887402E-003
          59             5     10.870433361882082     
          59             6     0.0000000000000000     
          59             7     26.499947960251685     
          60             1     0.0000000000000000     
          60             2     0.0000000000000000     
          60             3     1.0000000000000000     
          60             4     2.2421878312105805E-003
          60             5     11.656992362566882     
          60             6    -26.499947960251685     
          60             7     0.0000000000000000     
          61             1     1.0000000000000000     
          61             2     0.0000000000000000     
          61             3     0.0000000000000000     
          61             4     1.1307195972845002E-003
          61             5     0.0000000000000000     
          61             6    -19.363974974055157     
          61             7    -23.423048565489065     
          62             1     0.0000000000000000     
          62             2     1.0000000000000000     
          62             3     0.0000000000000000     
          62             4    -4.8313505740769300E-003
          62             5     19.363974974055157     
          62             6     0.0000000000000000     
          62             7    -5.4818833026219052     
          63             1     0.0000000000000000     
          63             2     0.0000000000000000     
          63             3     1.0000000000000000     
          63             4     3.9941065461971100E-003
          63             5     23.423048565489065     
          63             6     5.4818833026219052     
          63             7     0.0000000000000000     
          64             1     1.0000000000000000     
          64             2     0.0000000000000000     
          64             3     0.0000000000000000     
          64             4    -2.3862782801194202E-003
          64             5     0.0000000000000000     
          64             6    -16.701257469970859     
          64             7    -23.282469618909083     
          65             1     0.0000000000000000     
          65             2     1.0000000000000000     
          65             3     0.0000000000000000     
          65             4    -4.8023540848981900E-003
          65             5     16.701257469970859     
          65             6     0.0000000000000000     
          65             7     11.569003571364284     
          66             1     0.0000000000000000     
          66             2     0.0000000000000000     
          66             3     1.0000000000000000     
          66             4     3.4448816361264106E-003
          66             5     23.282469618909083     
          66             6    -11.569003571364284     
          66             7     0.0000000000000000     
          67             1     1.0000000000000000     
          67             2     0.0000000000000000     
          67             3     0.0000000000000000     
          67             4     1.9428081416888101E-003
          67             5     0.0000000000000000     
          67             6     8.7116918304844635     
          67             7    -28.138923957212047     
          68             1     0.0000000000000000     
          68             2     1.0000000000000000     
          68             3     0.0000000000000000     
          68             4    -5.8040696980361205E-003
          68             5    -8.7116918304844635     
          68             6     0.0000000000000000     
          68             7    -9.4189996686172890     
          69             1     0.0000000000000000     
          69             2     0.0000000000000000     
          69             3     1.0000000000000000     
          69             4    -1.7969154274992901E-003
          69             5     28.138923957212047     
          69             6     9.4189996686172890     
          69             7     0.0000000000000000     
          70             1     1.0000000000000000     
          70             2     0.0000000000000000     
          70             3     0.0000000000000000     
          70             4    -2.3890070321294899E-003
          70             5     0.0000000000000000     
          70             6     14.925109250446727     
          70             7     24.450750696066777     
          71             1     0.0000000000000000     
          71             2     1.0000000000000000     
          71             3     0.0000000000000000     
          71             4     5.0433293549202703E-003
          71             5    -14.925109250446727     
          71             6     0.0000000000000000     
          71             7     11.582232934432655     
          72             1     0.0000000000000000     
          72             2     0.0000000000000000     
          72             3     1.0000000000000000     
          72             4    -3.0785247677601402E-003
          72             5    -24.450750696066777     
          72             6    -11.582232934432655     
          72             7     0.0000000000000000     
          73             1     1.0000000000000000     
          73             2     0.0000000000000000     
          73             3     0.0000000000000000     
          73             4    -5.2464068445775506E-003
          73             5     0.0000000000000000     
          73             6     9.2784326191978828     
          73             7    -14.919098016605098     
          74             1     0.0000000000000000     
          74             2     1.0000000000000000     
          74             3     0.0000000000000000     
          74             4    -3.0772848617764905E-003
          74             5    -9.2784326191978828     
          74             6     0.0000000000000000     
          74             7     25.435298149179072     
          75             1     0.0000000000000000     
          75             2     0.0000000000000000     
          75             3     1.0000000000000000     
          75             4    -1.9138141064755901E-003
          75             5     14.919098016605098     
          75             6    -25.435298149179072     
          75             7     0.0000000000000000     
          76             1     1.0000000000000000     
          76             2     0.0000000000000000     
          76             3     0.0000000000000000     
          76             4    -3.9974843245965406E-003
          76             5     0.0000000000000000     
          76             6    -18.055899425257078     
          76             7     15.886601945096336     
          77             1     0.0000000000000000     
          77             2     1.0000000000000000     
          77             3     0.0000000000000000     
          77             4     3.2768468721300404E-003
          77             5     18.055899425257078     
          77             6     0.0000000000000000     
          77             7     19.380350905853156     
          78             1     0.0000000000000000     
          78             2     0.0000000000000000     
          78             3     1.0000000000000000     
          78             4     3.7242965965677104E-003
          78             5    -15.886601945096336     
          78             6    -19.380350905853156     
          78             7     0.0000000000000000     
 Matrice_utile_pour_l_application_des_rotations_aux_EOP
           1             1     0.0000000000000000     
           1             2    -1000.0000000000000     
           2             1     0.0000000000000000     
           2             2    -1000.0000000000000     
           3             1     0.0000000000000000     
           3             2    -1000.0000000000000     
           4             1     0.0000000000000000     
           4             2    -1000.0000000000000     
           5             1     0.0000000000000000     
           5             2    -1000.0000000000000     
           6             1     0.0000000000000000     
           6             2    -1000.0000000000000     
           7             1     0.0000000000000000     
           7             2    -1000.0000000000000     
           8             1    -1000.0000000000000     
           8             2     0.0000000000000000     
           9             1    -1000.0000000000000     
           9             2     0.0000000000000000     
          10             1    -1000.0000000000000     
          10             2     0.0000000000000000     
          11             1    -1000.0000000000000     
          11             2     0.0000000000000000     
          12             1    -1000.0000000000000     
          12             2     0.0000000000000000     
          13             1    -1000.0000000000000     
          13             2     0.0000000000000000     
          14             1    -1000.0000000000000     
          14             2     0.0000000000000000     
 Matrice_utile_pour_la_condition_NNT_sur_les_stations
           1             1     1.0000000000000000     
           1             2     0.0000000000000000     
           1             3     0.0000000000000000     
           1             4     1.0000000000000000     
           1             5     0.0000000000000000     
           1             6     0.0000000000000000     
           1             7     1.0000000000000000     
           1             8     0.0000000000000000     
           1             9     0.0000000000000000     
           1            10     1.0000000000000000     
           1            11     0.0000000000000000     
           1            12     0.0000000000000000     
           1            13     1.0000000000000000     
           1            14     0.0000000000000000     
           1            15     0.0000000000000000     
           1            16     1.0000000000000000     
           1            17     0.0000000000000000     
           1            18     0.0000000000000000     
           1            19     1.0000000000000000     
           1            20     0.0000000000000000     
           1            21     0.0000000000000000     
           1            22     1.0000000000000000     
           1            23     0.0000000000000000     
           1            24     0.0000000000000000     
           1            25     1.0000000000000000     
           1            26     0.0000000000000000     
           1            27     0.0000000000000000     
           1            28     1.0000000000000000     
           1            29     0.0000000000000000     
           1            30     0.0000000000000000     
           1            31     1.0000000000000000     
           1            32     0.0000000000000000     
           1            33     0.0000000000000000     
           1            34     1.0000000000000000     
           1            35     0.0000000000000000     
           1            36     0.0000000000000000     
           1            37     1.0000000000000000     
           1            38     0.0000000000000000     
           1            39     0.0000000000000000     
           1            40     1.0000000000000000     
           1            41     0.0000000000000000     
           1            42     0.0000000000000000     
           1            43     1.0000000000000000     
           1            44     0.0000000000000000     
           1            45     0.0000000000000000     
           1            46     1.0000000000000000     
           1            47     0.0000000000000000     
           1            48     0.0000000000000000     
           1            49     1.0000000000000000     
           1            50     0.0000000000000000     
           1            51     0.0000000000000000     
           1            52     1.0000000000000000     
           1            53     0.0000000000000000     
           1            54     0.0000000000000000     
           1            55     1.0000000000000000     
           1            56     0.0000000000000000     
           1            57     0.0000000000000000     
           1            58     1.0000000000000000     
           1            59     0.0000000000000000     
           1            60     0.0000000000000000     
           1            61     1.0000000000000000     
           1            62     0.0000000000000000     
           1            63     0.0000000000000000     
           1            64     1.0000000000000000     
           1            65     0.0000000000000000     
           1            66     0.0000000000000000     
           1            67     1.0000000000000000     
           1            68     0.0000000000000000     
           1            69     0.0000000000000000     
           1            70     1.0000000000000000     
           1            71     0.0000000000000000     
           1            72     0.0000000000000000     
           1            73     1.0000000000000000     
           1            74     0.0000000000000000     
           1            75     0.0000000000000000     
           1            76     1.0000000000000000     
           1            77     0.0000000000000000     
           1            78     0.0000000000000000     
           2             1     0.0000000000000000     
           2             2     1.0000000000000000     
           2             3     0.0000000000000000     
           2             4     0.0000000000000000     
           2             5     1.0000000000000000     
           2             6     0.0000000000000000     
           2             7     0.0000000000000000     
           2             8     1.0000000000000000     
           2             9     0.0000000000000000     
           2            10     0.0000000000000000     
           2            11     1.0000000000000000     
           2            12     0.0000000000000000     
           2            13     0.0000000000000000     
           2            14     1.0000000000000000     
           2            15     0.0000000000000000     
           2            16     0.0000000000000000     
           2            17     1.0000000000000000     
           2            18     0.0000000000000000     
           2            19     0.0000000000000000     
           2            20     1.0000000000000000     
           2            21     0.0000000000000000     
           2            22     0.0000000000000000     
           2            23     1.0000000000000000     
           2            24     0.0000000000000000     
           2            25     0.0000000000000000     
           2            26     1.0000000000000000     
           2            27     0.0000000000000000     
           2            28     0.0000000000000000     
           2            29     1.0000000000000000     
           2            30     0.0000000000000000     
           2            31     0.0000000000000000     
           2            32     1.0000000000000000     
           2            33     0.0000000000000000     
           2            34     0.0000000000000000     
           2            35     1.0000000000000000     
           2            36     0.0000000000000000     
           2            37     0.0000000000000000     
           2            38     1.0000000000000000     
           2            39     0.0000000000000000     
           2            40     0.0000000000000000     
           2            41     1.0000000000000000     
           2            42     0.0000000000000000     
           2            43     0.0000000000000000     
           2            44     1.0000000000000000     
           2            45     0.0000000000000000     
           2            46     0.0000000000000000     
           2            47     1.0000000000000000     
           2            48     0.0000000000000000     
           2            49     0.0000000000000000     
           2            50     1.0000000000000000     
           2            51     0.0000000000000000     
           2            52     0.0000000000000000     
           2            53     1.0000000000000000     
           2            54     0.0000000000000000     
           2            55     0.0000000000000000     
           2            56     1.0000000000000000     
           2            57     0.0000000000000000     
           2            58     0.0000000000000000     
           2            59     1.0000000000000000     
           2            60     0.0000000000000000     
           2            61     0.0000000000000000     
           2            62     1.0000000000000000     
           2            63     0.0000000000000000     
           2            64     0.0000000000000000     
           2            65     1.0000000000000000     
           2            66     0.0000000000000000     
           2            67     0.0000000000000000     
           2            68     1.0000000000000000     
           2            69     0.0000000000000000     
           2            70     0.0000000000000000     
           2            71     1.0000000000000000     
           2            72     0.0000000000000000     
           2            73     0.0000000000000000     
           2            74     1.0000000000000000     
           2            75     0.0000000000000000     
           2            76     0.0000000000000000     
           2            77     1.0000000000000000     
           2            78     0.0000000000000000     
           3             1     0.0000000000000000     
           3             2     0.0000000000000000     
           3             3     1.0000000000000000     
           3             4     0.0000000000000000     
           3             5     0.0000000000000000     
           3             6     1.0000000000000000     
           3             7     0.0000000000000000     
           3             8     0.0000000000000000     
           3             9     1.0000000000000000     
           3            10     0.0000000000000000     
           3            11     0.0000000000000000     
           3            12     1.0000000000000000     
           3            13     0.0000000000000000     
           3            14     0.0000000000000000     
           3            15     1.0000000000000000     
           3            16     0.0000000000000000     
           3            17     0.0000000000000000     
           3            18     1.0000000000000000     
           3            19     0.0000000000000000     
           3            20     0.0000000000000000     
           3            21     1.0000000000000000     
           3            22     0.0000000000000000     
           3            23     0.0000000000000000     
           3            24     1.0000000000000000     
           3            25     0.0000000000000000     
           3            26     0.0000000000000000     
           3            27     1.0000000000000000     
           3            28     0.0000000000000000     
           3            29     0.0000000000000000     
           3            30     1.0000000000000000     
           3            31     0.0000000000000000     
           3            32     0.0000000000000000     
           3            33     1.0000000000000000     
           3            34     0.0000000000000000     
           3            35     0.0000000000000000     
           3            36     1.0000000000000000     
           3            37     0.0000000000000000     
           3            38     0.0000000000000000     
           3            39     1.0000000000000000     
           3            40     0.0000000000000000     
           3            41     0.0000000000000000     
           3            42     1.0000000000000000     
           3            43     0.0000000000000000     
           3            44     0.0000000000000000     
           3            45     1.0000000000000000     
           3            46     0.0000000000000000     
           3            47     0.0000000000000000     
           3            48     1.0000000000000000     
           3            49     0.0000000000000000     
           3            50     0.0000000000000000     
           3            51     1.0000000000000000     
           3            52     0.0000000000000000     
           3            53     0.0000000000000000     
           3            54     1.0000000000000000     
           3            55     0.0000000000000000     
           3            56     0.0000000000000000     
           3            57     1.0000000000000000     
           3            58     0.0000000000000000     
           3            59     0.0000000000000000     
           3            60     1.0000000000000000     
           3            61     0.0000000000000000     
           3            62     0.0000000000000000     
           3            63     1.0000000000000000     
           3            64     0.0000000000000000     
           3            65     0.0000000000000000     
           3            66     1.0000000000000000     
           3            67     0.0000000000000000     
           3            68     0.0000000000000000     
           3            69     1.0000000000000000     
           3            70     0.0000000000000000     
           3            71     0.0000000000000000     
           3            72     1.0000000000000000     
           3            73     0.0000000000000000     
           3            74     0.0000000000000000     
           3            75     1.0000000000000000     
           3            76     0.0000000000000000     
           3            77     0.0000000000000000     
           3            78     1.0000000000000000     
 Matrice_utile_pour_la_condition_NNR_sur_les_stations
           1             1     0.0000000000000000     
           1             2    0.73111326831212275     
           1             3   -0.18291713900510237     
           1             4     0.0000000000000000     
           1             5    0.62302518160250431     
           1             6   -0.72074961069289434     
           1             7     0.0000000000000000     
           1             8    0.77515570282840329     
           1             9    -3.7248171878282721E-003
           1            10     0.0000000000000000     
           1            11    0.69067239946955006     
           1            12   -0.59091016453223599     
           1            13     0.0000000000000000     
           1            14   -0.57607179920495033     
           1            15   -0.42149371152301035     
           1            16     0.0000000000000000     
           1            17    0.69010425943410258     
           1            18    -8.7440569930175405E-002
           1            19     0.0000000000000000     
           1            20    0.69010344954266356     
           1            21    -8.7446291754085664E-002
           1            22     0.0000000000000000     
           1            23    0.79062105635854507     
           1            24   -0.18077680867008489     
           1            25     0.0000000000000000     
           1            26    0.83846620198980359     
           1            27   -0.22391906682219831     
           1            28     0.0000000000000000     
           1            29    0.64976563220754802     
           1            30   -0.21899628197587076     
           1            31     0.0000000000000000     
           1            32    0.59244147791670709     
           1            33     8.7236058106780839E-002
           1            34     0.0000000000000000     
           1            35    0.72878352792360179     
           1            36    -8.9274425209434030E-002
           1            37     0.0000000000000000     
           1            38    0.79173214951099036     
           1            39   -0.13885801080293994     
           1            40     0.0000000000000000     
           1            41    0.51440953310294879     
           1            42   -0.73446004531726294     
           1            43     0.0000000000000000     
           1            44    0.58175099648998541     
           1            45   -0.52926321200518600     
           1            46     0.0000000000000000     
           1            47    0.55104247880635948     
           1            48   -0.58117290833254542     
           1            49     0.0000000000000000     
           1            50    0.57457089735147071     
           1            51   -0.53077329933441120     
           1            52     0.0000000000000000     
           1            53    0.57070265621083405     
           1            54   -0.53033923590000631     
           1            55     0.0000000000000000     
           1            56    0.50799547995786998     
           1            57    0.83634176951503048     
           1            58     0.0000000000000000     
           1            59    0.35149716285817412     
           1            60    0.37693067116068024     
           1            61     0.0000000000000000     
           1            62    0.62787394771447547     
           1            63    0.75948879246261769     
           1            64     0.0000000000000000     
           1            65    0.54085887306563629     
           1            66    0.75398695594685983     
           1            67     0.0000000000000000     
           1            68   -0.28166118451476663     
           1            69    0.90977077782129689     
           1            70     0.0000000000000000     
           1            71   -0.48339066172978495     
           1            72   -0.79190472648687327     
           1            73     0.0000000000000000     
           1            74   -0.30023175253924717     
           1            75    0.48275254320027378     
           1            76     0.0000000000000000     
           1            77    0.58524877829574751     
           1            78   -0.51493498942693061     
           2             1   -0.73111326831212275     
           2             2     0.0000000000000000     
           2             3    0.65987477384968940     
           2             4   -0.62302518160250431     
           2             5     0.0000000000000000     
           2             6    0.30678534435800353     
           2             7   -0.77515570282840329     
           2             8     0.0000000000000000     
           2             9    0.63492457363520416     
           2            10   -0.69067239946955006     
           2            11     0.0000000000000000     
           2            12   -0.42061291508022602     
           2            13    0.57607179920495033     
           2            14     0.0000000000000000     
           2            15   -0.70175738915082109     
           2            16   -0.69010425943410258     
           2            17     0.0000000000000000     
           2            18    0.72034311171466325     
           2            19   -0.69010344954266356     
           2            20     0.0000000000000000     
           2            21    0.72034307618630167     
           2            22   -0.79062105635854507     
           2            23     0.0000000000000000     
           2            24    0.58855294314264262     
           2            25   -0.83846620198980359     
           2            26     0.0000000000000000     
           2            27    0.50153813644741541     
           2            28   -0.64976563220754802     
           2            29     0.0000000000000000     
           2            30    0.72973571717532049     
           2            31   -0.59244147791670709     
           2            32     0.0000000000000000     
           2            33    0.80232904909542446     
           2            34   -0.72878352792360179     
           2            35     0.0000000000000000     
           2            36    0.68130209182242862     
           2            37   -0.79173214951099036     
           2            38     0.0000000000000000     
           2            39    0.59836732764858513     
           2            40   -0.51440953310294879     
           2            41     0.0000000000000000     
           2            42   -0.44466012220594087     
           2            43   -0.58175099648998541     
           2            44     0.0000000000000000     
           2            45   -0.61942383298902748     
           2            46   -0.55104247880635948     
           2            47     0.0000000000000000     
           2            48   -0.60050019610849381     
           2            49   -0.57457089735147071     
           2            50     0.0000000000000000     
           2            51   -0.62476952163714872     
           2            52   -0.57070265621083405     
           2            53     0.0000000000000000     
           2            54   -0.62864247334728984     
           2            55   -0.50799547995786998     
           2            56     0.0000000000000000     
           2            57   -0.20875906661413982     
           2            58   -0.35149716285817412     
           2            59     0.0000000000000000     
           2            60   -0.85687996180356574     
           2            61   -0.62787394771447547     
           2            62     0.0000000000000000     
           2            63    0.17774923355039232     
           2            64   -0.54085887306563629     
           2            65     0.0000000000000000     
           2            66   -0.37465431841590108     
           2            67    0.28166118451476663     
           2            68     0.0000000000000000     
           2            69    0.30452943644350727     
           2            70    0.48339066172978495     
           2            71     0.0000000000000000     
           2            72   -0.37512242949352831     
           2            73    0.30023175253924717     
           2            74     0.0000000000000000     
           2            75   -0.82303600759957607     
           2            76   -0.58524877829574751     
           2            77     0.0000000000000000     
           2            78   -0.62817843760956560     
           3             1    0.18291713900510237     
           3             2   -0.65987477384968940     
           3             3     0.0000000000000000     
           3             4    0.72074961069289434     
           3             5   -0.30678534435800353     
           3             6     0.0000000000000000     
           3             7     3.7248171878282721E-003
           3             8   -0.63492457363520416     
           3             9     0.0000000000000000     
           3            10    0.59091016453223599     
           3            11    0.42061291508022602     
           3            12     0.0000000000000000     
           3            13    0.42149371152301035     
           3            14    0.70175738915082109     
           3            15     0.0000000000000000     
           3            16     8.7440569930175405E-002
           3            17   -0.72034311171466325     
           3            18     0.0000000000000000     
           3            19     8.7446291754085664E-002
           3            20   -0.72034307618630167     
           3            21     0.0000000000000000     
           3            22    0.18077680867008489     
           3            23   -0.58855294314264262     
           3            24     0.0000000000000000     
           3            25    0.22391906682219831     
           3            26   -0.50153813644741541     
           3            27     0.0000000000000000     
           3            28    0.21899628197587076     
           3            29   -0.72973571717532049     
           3            30     0.0000000000000000     
           3            31    -8.7236058106780839E-002
           3            32   -0.80232904909542446     
           3            33     0.0000000000000000     
           3            34     8.9274425209434030E-002
           3            35   -0.68130209182242862     
           3            36     0.0000000000000000     
           3            37    0.13885801080293994     
           3            38   -0.59836732764858513     
           3            39     0.0000000000000000     
           3            40    0.73446004531726294     
           3            41    0.44466012220594087     
           3            42     0.0000000000000000     
           3            43    0.52926321200518600     
           3            44    0.61942383298902748     
           3            45     0.0000000000000000     
           3            46    0.58117290833254542     
           3            47    0.60050019610849381     
           3            48     0.0000000000000000     
           3            49    0.53077329933441120     
           3            50    0.62476952163714872     
           3            51     0.0000000000000000     
           3            52    0.53033923590000631     
           3            53    0.62864247334728984     
           3            54     0.0000000000000000     
           3            55   -0.83634176951503048     
           3            56    0.20875906661413982     
           3            57     0.0000000000000000     
           3            58   -0.37693067116068024     
           3            59    0.85687996180356574     
           3            60     0.0000000000000000     
           3            61   -0.75948879246261769     
           3            62   -0.17774923355039232     
           3            63     0.0000000000000000     
           3            64   -0.75398695594685983     
           3            65    0.37465431841590108     
           3            66     0.0000000000000000     
           3            67   -0.90977077782129689     
           3            68   -0.30452943644350727     
           3            69     0.0000000000000000     
           3            70    0.79190472648687327     
           3            71    0.37512242949352831     
           3            72     0.0000000000000000     
           3            73   -0.48275254320027378     
           3            74    0.82303600759957607     
           3            75     0.0000000000000000     
           3            76    0.51493498942693061     
           3            77    0.62817843760956560     
           3            78     0.0000000000000000     
